  5             83.84726             -5.02459      11.06  69.3
  9             83.86135             -5.16620      10.31 106.9
 10             83.82113             -5.32181       8.56 159.3
 12             83.81898             -5.32483       9.06 161.4
 16             83.81604             -5.33532       9.81 161.0
 17             83.82469             -5.31807       8.81 138.6
 18             83.81026             -5.31189      10.31 109.6
 19             83.86445             -5.15861      10.31 104.7
 21             83.84284             -5.01978      11.06  72.7
 23             83.82478             -5.00483      11.06  80.8
 30             83.83122             -5.25931      10.06 109.7
 32             83.82470             -5.31361      10.06 128.5
 33             83.85801             -5.09514      10.56  81.4
 34             83.83522             -5.01365      10.81  78.3
 35             83.85934             -5.06551      11.06  69.4
 36             83.87365             -4.97983      11.81  72.9
 39             83.85962             -5.17263      10.31 117.1
 40             83.86029             -5.08760      10.31  75.9
 41             83.78702             -5.93102       9.81  60.5
 42             83.84709             -5.20066      10.31 126.6
 43             83.78889             -5.33678       9.31 105.3
 44             83.82886             -5.01357      10.81  78.6
 47             83.85118             -5.14224      10.31 106.3
 49             83.83959             -5.21998      10.06 120.7
 50             83.85229             -5.13106      10.31 101.7
 54             83.80960             -5.30330      10.31 101.5
 55             83.83234             -5.21963      10.06 109.1
 56             83.82595             -5.00943      11.31  79.0
 57             83.87378             -4.99644      11.56  77.1
 58             83.84570             -5.21045      10.56 115.6
 59             83.80631             -5.96555       9.81  63.6
 63             83.74833             -5.35940       9.56  93.9
 65             83.80722             -5.44595       8.56 176.2
 68             83.86681             -5.17436      10.81 113.3
 69             83.85507             -5.04317      11.06  67.5
 70             83.73424             -5.76767       8.56  62.6
 72             83.81564             -4.99858       9.81  72.7
 73             83.78455             -5.59903       7.06  84.0
 77             83.77707             -4.91264      11.31 129.4
 81             83.67071             -5.52846      10.81  48.6
 82             83.84701             -5.12541      10.31  98.6
 83             83.77700             -4.94065      11.06  90.2
 84             83.83829             -5.24769      10.31 107.1
 91             83.77017             -5.40508       8.56 110.3
 93             83.78789             -5.97440       9.31  47.0
 95             83.80558             -4.99034       9.06  84.0
 97             83.77125             -5.62290       7.31  78.6
 99             84.04762             -6.17912       9.06  63.6
100             83.85114             -5.20867      10.31 135.2
101             83.86029             -5.10059      10.81  83.2
105             83.84746             -5.11968      10.56  91.9
107             83.76559             -5.30012      10.31  66.2
108             83.84002             -5.24101      10.56 114.6
109             83.84306             -5.17037      10.06  94.1
110             83.88081             -5.01031      11.31  73.9
114             83.80598             -5.45109       8.06 147.3
116             83.85353             -5.13791      10.31 112.5
117             83.70287             -4.92851      10.56  74.9
121             83.96774             -6.16719       9.06  56.1
122             83.77141             -5.57990       7.56  88.7
125             83.86634             -5.11958      10.31  92.7
127             83.78911             -5.31285       9.81  92.8
128             83.75322             -5.27003       9.31  61.0
129             83.88409             -5.09695      11.31  89.9
130             83.87380             -4.97238      12.31  84.7
133             84.15429             -6.25039       7.56  45.4
134             83.80037             -5.57433       8.06  97.5
137             83.86283             -5.19270      10.56 114.6
139             83.84413             -5.11082      10.56  83.0
142             83.88501             -5.10955      11.31  80.2
144             83.83382             -5.08503      11.31  68.1
147             83.82629             -5.20081       9.81  86.6
153             83.78853             -5.86895       8.56  58.5
154             83.73949             -5.76451       8.31  58.6
161             83.87602             -5.10059      11.56  84.1
164             83.75679             -5.25595       9.81  66.3
165             83.68338             -5.69030       9.31  42.4
166             83.86629             -5.06040      10.31  68.2
167             83.86085             -5.06032      10.81  68.9
169             83.76035             -5.41373       9.06  90.7
170             83.82585             -5.22697      10.06 102.2
172             83.78475             -5.85627       8.56  69.4
174             83.76215             -5.60311       7.81  83.6
177             83.85584             -5.09951      10.81  77.9
179             83.85463             -5.25948      10.06 123.9
180             83.82183             -5.07955      11.31  72.1
181             83.89253             -4.99704      11.56  70.7
182             83.77374             -4.90811      11.31 112.9
189             83.72439             -5.77180       8.31  65.6
191             83.75644             -5.30353       9.81  73.4
192             83.86733             -5.08365      11.56  77.9
193             83.82760             -5.23540      10.56 110.2
194             83.79358             -5.92738       8.31  59.4
197             83.87226             -5.20200      11.06 114.9
198             83.77046             -4.95716      10.06  85.7
199             83.80018             -5.95131       9.81  61.8
203             83.82688             -5.08047      10.81  69.6
207             83.76871             -4.92399      11.81 129.7
208             83.78403             -4.93252      11.56 117.6
211             83.72458             -4.95249      11.06  76.4
213             83.92177             -5.04128      11.31  64.1
220             83.75208             -5.66773       7.56  67.8
221             83.73876             -5.34577       9.31  89.5
223             83.75273             -4.97396      12.82  92.0
225             83.78123             -5.94482       9.56  53.5
226             83.76019             -5.63125       7.81  81.9
228             83.75243             -5.36597       9.56 104.6
231             83.79408             -4.99982      11.81  78.5
232             83.82275             -4.94168      12.82  92.6
234             83.78691             -5.88847       8.56  54.4
235             83.74957             -5.33127       9.81  74.8
239             83.75886             -5.29740       9.56  73.5
240             83.71620             -4.93830      11.06  76.4
241             83.77792             -4.93596      11.06  96.8
245             83.82808             -5.06771      11.56  69.1
246             83.87723             -5.87634       7.31  38.3
247             83.81210             -5.27932      10.06 103.6
249             83.84900             -5.09092      10.31  71.6
250             83.87190             -4.99081      11.56  73.2
254             83.90602             -6.16198       9.31  45.2
256             83.79314             -5.27891      10.56  93.2
257             83.75793             -5.23305      10.56  72.3
259             83.74219             -5.33073      10.56  62.8
260             83.81226             -5.26960       9.81 103.7
264             83.75742             -5.92680       8.81  53.9
265             84.10731             -6.23729       8.81  54.7
266             83.91805             -5.11422      11.81  65.1
269             83.83881             -5.17787      10.81  87.6
274             83.70746             -5.77024       8.06  59.5
282             84.09522             -6.21789       9.31  62.9
283             83.85865             -5.87194       8.31  38.6
287             83.66783             -5.52075      10.06  52.9
291             83.77259             -5.30811      10.06  74.2
292             83.88603             -5.15899      11.06 105.0
293             83.90896             -5.01580      11.31  61.7
294             84.10313             -6.23431       9.06  55.1
300             83.88596             -5.16940      11.56 102.8
302             83.82228             -5.04308      11.31  64.7
306             83.77675             -5.28182      10.56  84.7
310             83.76282             -5.46122       9.81  90.1
312             83.71450             -5.64783       8.06  53.4
317             83.75261             -5.32364       9.81  91.8
319             83.70721             -4.91835      10.81  68.5
323             83.81324             -5.28590      10.31 104.1
327             83.87514             -5.08087      11.06  75.6
330             83.81624             -5.25487      10.06 112.8
331             83.82015             -5.24576      10.06 112.4
342             83.79221             -5.63126       8.31  76.5
353             83.73182             -5.33475       9.81  75.2
355             83.91499             -5.10713      11.06  88.5
357             84.08591             -6.22051       9.31  62.9
361             83.68854             -5.73855       8.81  54.5
362             83.75024             -5.64903       7.06  72.1
363             83.72537             -5.62012       7.56  74.7
367             83.82254             -5.18514      10.31  91.7
371             83.73876             -5.69251       7.81  65.4
387             83.70517             -5.69387       9.06  55.0
390             83.89300             -5.08923      11.06  89.5
391             83.79428             -4.97123      11.06  79.5
401             83.76262             -4.98428      12.31  90.2
402             83.71703             -4.94449      11.06  80.5
405             83.74210             -5.70125       7.81  69.1
407             83.75100             -5.41395      10.06  75.1
413             83.73518             -5.56496       8.06  73.8
420             83.74128             -5.72616       7.81  63.4
422             83.89687             -5.17238      10.81  84.6
431             83.75942             -5.63871       7.56  87.3
432             83.79646             -5.62771       8.31  75.3
434             83.73855             -4.95586      12.06  74.3
440             83.78488             -5.96492       9.06  49.3
441             83.71771             -5.73641       7.81  67.0
461             83.80562             -5.16646      10.31 107.7
462             83.90534             -5.10844      11.56  84.7
463             83.87745             -5.04815      10.31  57.3
464             83.77074             -4.94613      10.81  84.4
469             83.80346             -5.92901       8.56  59.5
470             83.74294             -5.68198       7.81  55.7
471             83.81435             -5.55115       7.06  86.4
478             83.82794             -5.93413       8.06  61.9
486             83.92940             -5.09902      10.81  84.1
493             84.15930             -6.26998       8.81  47.2
498             83.77784             -5.26313      10.06  91.7
500             83.90644             -5.09942      11.06  87.2
508             83.88870             -6.10200       9.06  58.3
518             83.89446             -5.18567      10.56 105.6
524             83.75788             -5.88522       9.31  53.4
535             83.92459             -6.12882       9.31  54.2
537             83.78815             -5.91879       8.31  56.8
538             83.71536             -5.70617       9.06  54.8
539             83.95736             -5.51178       7.31 109.9
540             83.72819             -5.40841      11.31  70.1
543             83.87811             -5.12074      10.81 103.7
545             83.76186             -4.93142      10.81  87.5
546             83.73587             -4.90142      10.81  76.9
551             83.88134             -5.89270       7.06  45.7
554             83.75212             -5.30263       9.31  73.6
570             84.16045             -6.26304       8.56  46.4
571             84.01832             -6.16034       8.56  61.2
572             83.72882             -5.72719       7.81  66.3
584             83.85491             -5.98366       8.31  46.4
586             83.67780             -5.47204       8.56  55.9
588             83.92395             -5.08629      11.06  77.2
592             83.86800             -5.99738       8.06  45.5
594             83.70678             -5.74392       7.56  56.7
595             83.69590             -5.70022       9.06  54.9
601             83.64971             -5.68440       8.81  43.5
603             83.87687             -5.06588      11.06  69.7
610             84.12174             -6.25239       8.31  50.5
611             83.82141             -5.99614      10.06  55.2
612             83.68629             -5.78575       8.81  52.1
616             83.87311             -5.05444      10.31  67.0
622             83.76991             -5.92961       9.56  49.9
623             83.71152             -5.71424       9.06  54.3
630             83.81553             -5.05844      11.06  69.2
632             83.93491             -6.13118       9.31  48.6
637             83.80293             -5.21256      10.31  86.4
648             83.80923             -5.17569      10.56  84.9
686             83.73658             -5.80658       8.81  54.0
691             83.75529             -5.46870       9.31  96.4
699             83.75322             -4.89717      11.06 110.2
701             83.75135             -5.89591       9.56  59.1
702             83.72680             -4.96436      11.81  80.1
707             83.75019             -5.81241       8.31  63.9
721             83.67246             -5.69374       9.31  53.1
734             83.74316             -5.83421       8.56  60.0
750             83.82236             -5.58375       8.56  71.9
755             83.73468             -5.90930       8.31  51.8
768             83.78508             -6.00744       9.06  49.0
784             84.01330             -6.23102       8.81  56.4
790             83.80356             -4.93682      11.31 118.6
816             83.73568             -5.36760       9.56  91.3
835             83.65690             -5.69668       9.31  48.5
869             83.80022             -5.78781       6.56  30.0
871             83.72573             -5.80079       8.81  62.2
873             83.86276             -4.95504      12.06  99.3
879             83.80411             -6.02245       9.06  51.6
907             83.84457             -6.05341      10.06  46.4
